2
0
579.931 247.388 200 200
350
47
10 50 2
85 50 3
160 50 2
235 50 1
310 50 2
385 50 2
460 50 3
535 50 2
610 50 3
685 50 2
10 85 1
85 85 2
160 85 1
235 85 1
310 85 3
385 85 2
460 85 3
535 85 2
610 85 2
685 85 3
10 120 3
85 120 3
160 120 1
235 120 3
310 120 2
385 120 3
460 120 1
535 120 3
610 120 1
685 120 1
10 155 3
85 155 3
160 155 3
235 155 1
310 155 2
385 155 1
535 155 1
610 155 3
685 155 2
10 190 3
85 190 1
160 190 2
235 190 2
310 190 2
385 190 3
610 190 3
685 190 1
